371704
372166
372460
372768
373113
373431
373776
374091
374439
374755
375100
375417
375695
376011
376359
376677
377025
377342
377689
378007
378353
378670
379018
379354
379700
380015
380361
380676
381020
381336
381681
381998
382274
382591
382905
383191
383505
383769
384042
384325
384597
384869
385156
385426
385698
385984
386252
386526
386812
387082
387355
387642
387910
388182
388472
388741
389014
389301
389571
389844
390131
390398
390670
390958
391227
391501
391772
392039
392330
392595
392840
393129
393399
393666
393934
394196
394466
394747
395009
395275
395558
395828
396117
396368
396653
396919
397185
397468
397729
398002
398283
398545
398810
399092
399369
399630
399904
400158
400415
400707
400980
401225
401505
401764
402024
402286
402546
402806
403078
403340
403599
403869
404126
404395
404665
404944
405204
405455
405723
406001
406261
406529
406790
407056
407325
407585
407821
408059
408294
408540
408780
409018
409259
409500
409738
409956
410165
410359
410569
410777
410981
411188
411394
411600
411804
412008
412215
412452
412661
412838
413075
413284
413492
413701
413876
414066
414283
414473
414663
414854
415070
415260
415450
415640
415856
416046
416235
416424
416640
416830
417020
417210
417427
417616
417805
418007
418211
418421
418631
418841
419051
419270
419460
419652
419843
420031
420223
420416
420608
420850
421064
421259
421452
421644
421836
422022
422213
422405
422598
422790
422970
423162
423355
423548
423741
423935
424134
424329
424523
424714
424911
425104
425296
425489
425680
425872
426057
426250
426442
426633
426839
427017
427236
427478
427695
427895
428087
428280
428472
428664
428856
429034
429227
429418
429610
429803
429996
430189
430380
430572
430764
430956
431146
431337
431535
431729
431919
432102
432293
432483
432674
432865
433035
433234
433424
433615
433806
433997
434188
434377
434568
434759
434950
435132
435323
435513
435704
435894
436068
436260
436450
436641
436832
437023
437213
437434
437644
437837
438027
438217
438407
438598
438789
438987
439174
439365
439557
439749
439941
440116
440307
440498
440690
440881
441072
441264
441466
441798
441990
442175
442401
442593
442786
443011
443191
443384
443620
443812
444002
444186
444405
444595
444785
444974
445165
445354
445544
445761
445950
446139
446324
446542
446731
446920
447109
447285
447475
447665
447882
448071
448261
448452
448669
448858
449048
449265
449492
449692
449886
450116
450289
450482
450703
450929
451140
451353
451545
451739
451933
452124
452316
452506
452697
452888
453079
453270
453453
453643
453858
454079
454305
454523
454733
454956
455151
455376
455566
455767
455957
456148
456339
456531
456722
456913
457104
457332
457532
457735
457951
458140
458328
458543
458732
458921
459136
459324
459510
459729
459919
460109
460299
460476
460665
460855
461083
461306
461500
461706
461914
462151
462360
462562
462782
462973
463164
463356
463529
463721
463912
464103
464293
464483
464674
464865
465055
465244
465434
465614
465804
465994
466184
466374
466563
466780
466982
467197
467411
467601
467789
468005
468194
468383
468610
468800
468988
469210
469439
469663
469858
470060
470313
470501
470676
470893
471083
471273
471463
471680
471932
472214
472435
472628
472845
473034
473221
473438
473627
473822
474037
474225
474413
474628
474814
475003
475191
475406
475595
475784
475998
476185
476373
476562
476761
476950
477139
477329
477546
477736
477926
478115
478331
478520
478709
478920
479110
479299
479487
479705
479889
480079
480296
480522
480715
480907
481106
481294
481509
481697
481876
482090
482277
482465
482679
482854
483042
483230
483445
483634
483822
484009
484223
484411
484600
484790
485007
485197
485386
485574
485790
485979
486168
486357
486575
486764
486948
487137
487354
487544
487733
487938
488127
488317
488532
488723
488901
489095
489288
489481
489698
489885
490073
490298
490496
490692
490909
491098
491287
491502
491692
491880
492095
492283
492473
492688
492877
493067
493283
493471
493660
493849
494059
494248
494438
494626
494853
495036
495226
495414
495632
495821
495998
496187
496403
496592
496781
496970
497187
497377
497565
497754
497970
498159
498347
498536
498752
498942
499132
499350
499539
499728
499918
500128
500319
500506
500720
500908
501091
501316
501505
501693
501912
502094
502282
502496
502685
502872
503081
503269
503457
503645
503860
504045
504233
504447
504636
504825
505014
505229
505417
505606
505795
506011
506199
506388
506577
506794
506983
507168
507356
507579
507768
507957
508161
508351
508539
508728
508944
509118
509307
509525
509714
509903
510092
510308
510496
510685
510890
511114
511303
511491
511681
511897
512086
512274
512463
512679
512868
513057
513240
513456
513645
513834
514023
514197
514386
514575
514764
514980
515170
515358
515580
515769
515958
516147
516362
516551
516740
516929
517146
517334
517523
517712
517928
518117
518300
518489
518678
518867
519056
519239
519429
519619
519808
520025
520214
520402
520591
520808
520997
521238
521438
521627
521844
522033
522222
522410
522628
522817
523006
523195
523408
523598
523787
523976
524192
524375
524564
524780
524969
525158
525356
525602
525815
526016
526207
526386
526579
526772
526974
527162
527356
527552
527743
527934
528130
528322
528513
528704
528894
529084
529273
529454
529645
529835
530024
530214
530400
530590
530787
531025
531225
531449
531714
531938
532161
532426
532651
532868
533103
533304
533479
533680
533869
534069
534269
534481
534690
534901
535102
535302
535503
535705
535905
536115
536315
536514
536714
536901
537103
537303
537504
537704
537904
538105
538303
538502
538702
538901
539100
539299
539499
539698
539896
540095
540293
540493
540692
540891
541090
541289
541487
541687
541885
542073
542262
542451
542664
542853
543042
543232
543461
543650
543859
544068
544276
544502
544690
544878
545092
545279
545468
545681
545870
546057
546245
546460
546644
546833
547022
547241
547430
547610
547799
548015
548205
548394
548567
548784
548973
549162
549351
549567
549756
549945
550161
550357
550577
550765
550954
551170
551360
551548
551737
551954
552144
552334
552522
552733
552922
553111
553300
553518
553827
554016
554206
554396
554585
554774
554991
555180
555369
555558
555774
555963
556152
556342
556573
556763
556953
557142
557358
557547
557732
557921
558137
558327
558517
558720
558909
559099
559315
559505
559680
559869
560085
560275
560464
560652
560868
561058
561247
561435
561653
561842
562031
562220
562436
562625
562814
563003
563219
563408
563597
563780
563997
564187
564376
564564
564739
564928
565117
565333
565523
565712
565901
566117
566307
566495
566684
566874
567062
567249
567464
567651
567835
568050
568237
568424
568639
568819
569006
569221
569442
569649
569851
570057
570262
570481
570705
570930
571141
571334
571525
571715
571905
572095
572315
572508
572705
572899
573092
573283
573474
573665
573847
574037
574229
574419
574611
574789
575008
575199
575389
575609
575797
575988
576204
576393
576583
576788
576983
577195
577420
577622
577832
578069
578279
578490
578710
578900
579101
579301
579503
579703
579892
580093
580293
580494
580695
580877
