384207
384658
384928
385232
385577
385896
386241
386555
386903
387219
387564
387881
388159
388476
388824
389142
389490
389807
390174
390471
390817
391134
391483
391822
392165
392480
392825
393140
393484
393802
394147
394462
394737
395055
395363
395632
395936
396203
396472
396754
397026
397298
397585
397855
398128
398413
398681
398955
399241
399511
399784
400072
400339
400612
400901
401170
401443
401730
402001
402273
402561
402828
403102
403387
403655
403931
404200
404468
404754
405021
405278
405556
405825
406091
406357
406621
406897
407173
407433
407700
407982
408253
408563
408808
409082
409340
409625
409908
410170
410444
410723
410985
411250
411538
411804
412052
412324
412576
412836
413142
413402
413644
413926
414185
414444
414704
414966
415226
415498
415758
416019
416288
416562
416826
417088
417366
417626
417886
418175
418447
418704
418984
419233
419500
419768
420018
420242
420469
420701
420945
421186
421423
421663
421904
422581
422586
422587
422770
422979
423188
423395
423601
423807
424013
424245
424448
424638
424864
425091
425249
425485
425693
425901
426111
426286
426475
426692
426881
427071
427263
427479
427669
427859
428057
428266
428455
428643
428832
429049
429239
429429
429619
429835
430025
430214
430460
430662
430872
431089
431290
431498
431699
431872
432064
432254
432442
432636
432829
433022
433273
433510
433698
433890
434083
434272
434458
434625
434819
435011
435203
435383
435575
435768
435961
436162
436349
436556
436744
436937
437125
437329
437517
437709
437901
438094
438284
438470
438663
438854
439046
439280
439458
439663
439961
440157
440321
440527
440697
440886
441077
441268
441447
441639
441831
442024
442217
442409
442602
442793
442984
443176
443368
443556
443747
443954
444141
444330
444513
444702
444893
445084
445280
445445
445646
445834
446025
446216
446407
446598
446787
446979
447169
447359
447542
447732
447923
448114
448311
448478
448670
448861
449051
449242
449432
449623
449857
450084
450276
450462
450652
450831
451009
451199
451407
451588
451777
451968
452161
452352
452527
452717
452913
453101
453291
453484
453674
453900
454226
454404
454615
454839
455137
455246
455440
455610
455800
456039
456222
456412
456597
456815
457005
457195
457384
457573
457764
457954
458170
458359
458547
458733
458951
459140
459329
459524
459694
459884
460074
460290
460480
460672
460861
461078
461267
461457
461673
461983
462135
462327
462547
462732
462944
463148
463370
463580
463794
463983
464167
464352
464535
464727
464917
465107
465299
465489
465680
465863
466053
466323
466524
466770
466999
467174
467419
467588
467811
468011
468201
468389
468563
468749
468942
469145
469325
469515
469750
469994
470176
470390
470578
470769
470982
471170
471359
471571
471734
471946
472141
472331
472519
472708
472885
473074
473264
473493
473737
473953
474173
474390
474602
474809
475010
475211
475384
475574
475766
475939
476132
476322
476513
476704
476894
477085
477275
477465
477655
477844
478024
478215
478404
478595
478784
478972
479190
479432
479656
479850
480041
480228
480444
480633
480822
481028
481240
481427
481648
481893
482077
482300
482484
482748
482926
483098
483317
483506
483696
483887
484103
484362
484644
484866
485078
485285
485473
485660
485877
486066
486260
486475
486664
486852
487067
487241
487429
487617
487832
488021
488219
488424
488620
488795
488984
489184
489372
489548
489738
489955
490146
490334
490524
490740
490929
491117
491328
491519
491707
491896
492114
492297
492488
492746
492972
493156
493356
493545
493734
493948
494141
494316
494529
494716
494905
495108
495281
495468
495656
495871
496060
496248
496456
496649
496834
497010
497200
497415
497606
497795
497983
498199
498388
498577
498765
498984
499173
499357
499545
499763
499952
500142
500346
500567
500756
500970
501164
501343
501536
501730
501924
502137
502324
502513
502749
502945
503128
503344
503534
503722
503939
504127
504315
504531
504718
504909
505124
505312
505502
505718
505883
506070
506258
506468
506656
506847
507041
507273
507446
507634
507824
508041
508230
508407
508600
508812
509001
509190
509379
509596
509785
509974
510163
510379
510567
510755
510945
511161
511351
511541
511758
511948
512137
512326
512537
512770
512945
513159
513347
513529
513728
513944
514195
514352
514533
514729
514936
515123
515301
515507
515695
515883
516072
516286
516471
516655
516868
517058
517246
517435
517650
517838
518015
518204
518419
518608
518795
518986
519202
519391
519576
519765
519988
520177
520365
520570
520759
520948
521137
521352
521527
521716
521933
522123
522311
522500
522716
522905
523094
523334
523523
523711
523900
524090
524306
524494
524683
524872
525088
525277
525466
525649
525873
526054
526243
526431
526606
526795
526983
527173
527388
527578
527767
527988
528178
528366
528555
528771
528959
529149
529337
529554
529743
529938
530121
530337
530525
530709
530898
531086
531276
531464
531656
531839
532027
532217
532434
532622
532811
533000
533217
533405
533659
533847
534037
534253
534441
534630
534819
535037
535225
535415
535603
535827
536006
536195
536385
536600
536784
536973
537188
537377
537577
537779
538025
538227
538432
538637
538804
538993
539189
539395
539584
539776
539968
540155
540345
540548
540734
540924
541115
541304
541494
541683
541864
542055
542245
542434
542624
542810
543000
543201
543445
543646
543870
544134
544356
544580
544846
545069
545292
545529
545728
545902
546103
546277
546493
546693
546903
547115
547311
547527
547726
547929
548128
548324
548538
548738
548937
549148
549317
549527
549727
549928
550128
550327
550528
550723
550922
551122
551322
551520
551718
551919
552118
552316
552515
552713
552913
553112
553311
553510
553708
553908
554107
554305
554482
554670
554859
555072
555262
555450
555641
555896
556099
556307
556516
556724
556943
557129
557316
557521
557705
557904
558108
558296
558483
558671
558886
559069
559243
559432
559651
559839
560018
560208
560425
560613
560802
560976
561192
561381
561570
561759
561975
562165
562354
562569
562779
563014
563174
563363
563579
563769
563957
564147
564363
564552
564742
564931
565141
565330
565522
565708
566048
566239
566425
566614
566804
566994
567183
567399
567589
567777
567966
568182
568371
568560
568751
568982
569172
569361
569550
569766
569956
570141
570330
570546
570735
570925
571129
571318
571507
571723
571913
572088
572277
572494
572683
572872
573061
573277
573466
573657
573844
574061
574252
574439
574628
574844
575034
575223
575412
575627
575816
576005
576189
576406
576595
576784
576973
577147
577336
577525
577741
577931
578121
578310
578526
578715
578904
579093
579324
579502
579688
579903
580091
580274
580489
580676
580863
581078
581258
581445
581660
581894
582097
582296
582501
582706
582915
583137
583360
583581
583769
583960
584150
584330
584520
584730
584921
585129
585316
585506
585697
585911
586103
586285
586475
586666
586834
587051
587227
587446
587637
587837
588052
588233
588423
588639
588829
589020
589264
589431
589646
589906
590120
590309
590521
590731
590906
591205
591341
591542
591730
591941
592132
592321
592521
592721
592921
593123
593305
